[TreeExpandedChar]
CurExpandedChar_NEWTREE_PRIM0=5
ExpandedChar_NEWTREE_PRIM0=4141414141414100000000000000000000000000000000000000000000000000426173650000000000000000000000000000000000000000000000000000000020524F554C5F3031352D310000000000000000000000000000000000000000004C696169736F6E730000000000000000000000000000000000000000000000006A6F696E74000000000000000000000000000000000000000000000000000000476C697373656D656E7473000000000000000000000000000000000000000000EB
CurExpandedChar_NEWTREE_PRIM1=4
ExpandedChar_NEWTREE_PRIM1=4141414141414100000000000000000000000000000000000000000000000000426173650000000000000000000000000000000000000000000000000000000020524F554C5F3031352D310000000000000000000000000000000000000000004C696169736F6E73000000000000000000000000000000000000000000000000476C697373656D656E7473000000000000000000000000000000000000000000C7
[InputGrapher]
Position=21,147,653,659,1,0
[Windows]
NbEdit=0
[ModelTreeOption]
BottomPaneActivated=1
TopPaneActivated=1
[DynamicMotion]
max_force=100.
force_scale=1.
[GphFrame0]
SelName0=Ukin[1.1]
SelFile0=C:\Documents and Settings\ADMIN\Bureau\Dessins SolidWorks Sympact\AAAAAAA.out
SelCol0=255
SelLine0=0
SelScaled0=0
SelScale0=1.
CurSel=1
AlertCurve=hyperstatic
AlertFile=C:\Documents and Settings\ADMIN\Bureau\Dessins SolidWorks Sympact\AAAAAAA.out
AlertType=1
AlertMax0=1.
AlertMin0=0.
AlertMax1=0.
AlertMin2=0.
AlertActive=0
SelName1=U[3.1]
SelFile1=C:\Documents and Settings\ADMIN\Bureau\Dessins SolidWorks Sympact\AAAAAAA.out
SelCol1=16711680
SelLine1=0
SelScaled1=0
SelScale1=1.
WindowPlacement=2C0000000000000001000000FFFFFFFFFFFFFFFFFFFFFFFFFFFFFFFF06020000B7000000610400002B0300006F
SplitH=150
SplitV=152
CurExpanded=4
iExpanded=6079FEFFA7CAF3FF8729ECFF80CAF3FF00B0EDFFAC
GphArraySign=1
GphArrayExp=1
GphArrayDec=5
GphArrayMode=1
Xbegindisp=0.
Ybegindisp=-9.080425
Xenddisp=1.
Yenddisp=22.643675
NberDigitDiv=3
NberDivX=9
DefaultDivX=9
NberDivY=5
DefaultDivY=6
FlagGrid=1
FlagAutoAxis=1
AutoScale=1
GphObjectNb=0
