[TreeExpandedChar]
CurExpandedChar_NEWTREE_PRIM0=6
ExpandedChar_NEWTREE_PRIM0=5F6D6F627970726F2D682D73756A6574000000000000000000000000000000004261736500000000000000000000000000000000000000000000000000000000204D4F42592D52482D332D50524F4A45542D31000000000000000000000000004D6F62792D52482D332D50726F6A65742D3100000000000000000000000000004D6F62792D506C61746561752D50726F6A65742D482D50726F746F2D310000004C696169736F6E73000000000000000000000000000000000000000000000000476C697373656D656E74730000000000000000000000000000000000000000007E
CurExpandedChar_NEWTREE_PRIM1=6
ExpandedChar_NEWTREE_PRIM1=5F6D6F627970726F2D682D73756A6574000000000000000000000000000000004261736500000000000000000000000000000000000000000000000000000000204D4F42592D52482D332D50524F4A45542D31000000000000000000000000004D6F62792D52482D332D50726F6A65742D3100000000000000000000000000004D6F62792D506C61746561752D50726F6A65742D482D50726F746F2D310000004C696169736F6E73000000000000000000000000000000000000000000000000476C697373656D656E74730000000000000000000000000000000000000000007E
[ModelTreeOption]
BottomPaneActivated=1
TopPaneActivated=0
[InputGrapher]
Position=0,38,640,554,1,0
[DynamicMotion]
max_force=100.
force_scale=1.
[GphFrame0]
SelName0=p[2.1]
SelFile0=c:\users\sylvie\desktop\dvd-moby\3-modèle numérique-300514\2-version translucide-300514\maquette numérique\_mobypro-h-sujet.out
SelCol0=16711680
SelLine0=0
SelScaled0=0
SelScale0=1.
CurSel=0
AlertCurve=hyperstatic
AlertFile=c:\users\sylvie\desktop\dvd-moby\3-modèle numérique-300514\2-version translucide-300514\maquette numérique\_mobypro-h-sujet.out
AlertType=1
AlertMax0=1.
AlertMin0=0.
AlertMax1=0.
AlertMin2=0.
AlertActive=0
WindowPlacement=2C0000000000000001000000FFFFFFFFFFFFFFFFFFFFFFFFFFFFFFFF140000007100000056020000B0010000AB
SplitH=150
SplitV=50
CurExpanded=2
iExpanded=6079FEFFAACAF3FF6AF2FCFF93
Xbegindisp=0.
Ybegindisp=0.23835
Xenddisp=1.77
Yenddisp=0.32715
NberDigitDiv=3
NberDivX=9
DefaultDivX=8
NberDivY=5
DefaultDivY=5
FlagGrid=1
FlagAutoAxis=1
AutoScale=1
GphObjectNb=0
